/**:
  ros__parameters:
    map_origin:
      latitude: 1.4539237038755958e-06
      longitude: 4.511417368611985
      elevation: 0.0
      roll: 0.0
      pitch: 0.0
      yaw: 0.0
